,all_motor_vehicles,NO2 Air,PM10 Air,SO2 Air,Ammonia (NH3),Sulphur oxides (SOX),Methane (CH4),Nitrogen oxides (NOX)
2007,54834530.0,57.675000000000004,26.1,3.779166666666667,34200.0,247000.0,130000.0,670500.0
2008,55040271.0,57.01666666666667,26.391666666666666,4.066666666666666,43300.0,265000.0,173500.0,791500.0
2009,54216130.0,58.333333333333336,25.808333333333334,3.4916666666666667,51400.0,373000.0,262500.0,823000.0
2010,51921676.0,58.63333333333333,25.433333333333334,3.9333333333333336,35200.0,168000.0,159000.0,496500.0
2011,50247234.0,55.86666666666667,27.641666666666666,2.8833333333333333,32700.0,245000.0,1184000.0,1007500.0
2012,48965709.0,60.06923076923077,26.66923076923077,3.0,33900.0,213000.0,884000.0,382000.0
2013,49059691.0,58.21818181818182,28.263636363636362,3.190909090909091,33200.0,204000.0,1760000.0,383666.6666666667
2014,49510592.0,56.675000000000004,25.425,3.058333333333333,33200.0,360000.0,262000.0,546666.6666666666
2015,49450382.0,54.46666666666667,23.724999999999998,2.891666666666667,33700.0,180000.0,286000.0,225000.0
2016,49472094.0,56.375,23.208333333333332,4.283333333333333,34700.0,264000.0,270000.0,457000.0
2017,49833281.0,51.23333333333333,21.691666666666666,3.1916666666666664,33700.0,264000.0,254000.0,523000.0
2018,51555695.0,46.550000000000004,22.208333333333332,1.9583333333333333,32700.0,208500.0,1322000.0,392000.0
2019,52646698.0,44.44285714285714,22.942857142857143,6.114285714285715,21400.0,208500.0,1322000.0,375500.0
2020,39938321.0,59.143706293706295,27.466433566433565,3.0954545454545457,33550.0,208500.0,1322000.0,382833.3333333334
2021,42798523.0,59.143706293706295,27.466433566433565,3.0954545454545457,33550.0,208500.0,1322000.0,382833.3333333334
